           0   215.41560912132263     
           1   215.41562199592590     
           2   215.41561484336853     
           3   215.41562485694885     
           4   215.41560602188110     
           5   215.41558790206909     
           6   215.41556596755981     
           7   215.41556596755981     
           8   215.41558098793030     
           9   215.41549086570740     
          10   215.41556096076965     
          11   215.41556406021118     
          12   215.41556906700134     
          13   215.41555213928223     
          14   215.41558909416199     
          15   215.41556692123413     
          16   215.41555881500244     
          17   215.41554689407349     
          18   215.41554021835327     
          19   215.41552901268005     
          20   215.41554212570190     
          21   215.41554212570190     
          22   215.41552591323853     
          23   215.41553211212158     
          24   215.41551494598389     
          25   215.41551303863525     
          26   215.41554689407349     
          27   215.41555285453796     
          28   215.41546392440796     
          29   215.41555905342102     
          30   215.41556596755981     
          31   215.41558718681335     
          32   215.41541481018066     
          33   215.41554784774780     
          34   215.41560888290405     
          35   215.41560506820679     
          36   215.41558194160461     
          37   215.41560792922974     
          38   215.41555500030518     
          39   215.41559910774231     
          40   215.41555500030518     
          41   215.41556596755981     
          42   215.41554498672485     
          43   215.41554284095764     
          44   215.41556119918823     
          45   215.41555714607239     
          46   215.41559696197510     
          47   215.41551804542542     
          48   215.41558098793030     
          49   215.41553115844727     
          50   215.41555786132813     
          51   215.41552495956421     
          52   215.41555500030518     
          53   215.41552591323853     
          54   215.41553997993469     
          55   215.41552996635437     
          56   215.41552805900574     
          57   215.41548013687134     
          58   215.41551804542542     
          59   215.41551303863525     
          60   215.41552710533142     
          61   215.41552615165710     
          62   215.41557383537292     
          63   215.41553997993469     
          64   215.41324210166931     
          65   215.41330504417419     
          66   215.41322994232178     
          67   215.41331386566162     
          68   215.41329288482666     
          69   215.41329789161682     
          70   215.41329312324524     
          71   215.41329503059387     
          72   215.41327095031738     
          73   215.41339993476868     
          74   215.41336297988892     
          75   215.41341686248779     
          76   215.41332197189331     
          77   215.41335797309875     
          78   215.41337108612061     
          79   215.41338706016541     
          80   215.41346502304077     
          81   215.41345000267029     
          82   215.41343998908997     
          83   215.41343712806702     
          84   215.41343808174133     
          85   215.41339111328125     
          86   215.41346192359924     
          87   215.41344809532166     
          88   215.41346192359924     
          89   215.41345810890198     
          90   215.41347098350525     
          91   215.41347098350525     
          92   215.41348814964294     
          93   215.41347599029541     
          94   215.41350078582764     
          95   215.41342878341675     
          96   215.41313385963440     
          97   215.41322493553162     
          98   215.41313886642456     
          99   215.41315698623657     
         100   215.41314983367920     
         101   215.41316390037537     
         102   215.41314601898193     
         103   215.41316103935242     
         104   215.41310501098633     
         105   215.41318798065186     
         106   215.41318917274475     
         107   215.41318511962891     
         108   215.41317105293274     
         109   215.41319203376770     
         110   215.41319513320923     
         111   215.41320705413818     
         112   215.41335988044739     
         113   215.41337490081787     
         114   215.41336417198181     
         115   215.41336417198181     
         116   215.41337299346924     
         117   215.41335606575012     
         118   215.41337108612061     
         119   215.41335391998291     
         120   215.41334295272827     
         121   215.41334390640259     
         122   215.41329288482666     
         123   215.41336488723755     
         124   215.41335606575012     
         125   215.41336393356323     
         126   215.41340303421021     
         127   215.41334700584412     
         128   215.41299295425415     
         129   215.41307210922241     
         130   215.41315317153931     
         131   215.41293907165527     
         132   215.41297817230225     
         133   215.41298198699951     
         134   215.41297698020935     
         135   215.41300106048584     
         136   215.41297602653503     
         137   215.41297698020935     
         138   215.41302013397217     
         139   215.41299009323120     
         140   215.41303515434265     
         141   215.41313099861145     
         142   215.41300582885742     
         143   215.41308403015137     
         144   215.41313600540161     
         145   215.41304922103882     
         146   215.41301703453064     
         147   215.41304898262024     
         148   215.41292619705200     
         149   215.41293811798096     
         150   215.41296887397766     
         151   215.41346597671509     
         152   215.41360092163086     
         153   215.41355991363525     
         154   215.41360402107239     
         155   215.41361808776855     
         156   215.41360902786255     
         157   215.41365504264832     
         158   215.41363811492920     
         159   215.41362214088440     
         160   215.41298007965088     
         161   215.41307306289673     
         162   215.41323900222778     
         163   215.41322612762451     
         164   215.41326403617859     
         165   215.41277813911438     
         166   215.41265892982483     
         167   215.41267180442810     
         168   215.41276597976685     
         169   215.41266989707947     
         170   215.41262197494507     
         171   215.41266179084778     
         172   215.41271305084229     
         173   215.41267108917236     
         174   215.41271281242371     
         175   215.41265892982483     
         176   215.41265392303467     
         177   215.41269493103027     
         178   215.41265678405762     
         179   215.41277384757996     
         180   215.41269993782043     
         181   215.41280984878540     
         182   215.41267585754395     
         183   215.41271996498108     
         184   215.41276407241821     
         185   215.41265892982483     
         186   215.41276192665100     
         187   215.41270995140076     
         188   215.41268897056580     
         189   215.41270303726196     
         190   215.41306209564209     
         191   215.41366600990295     
         192   215.41458892822266     
         193   215.41481494903564     
         194   215.41487884521484     
         195   215.41493487358093     
         196   215.41511797904968     
         197   215.41489100456238     
         198   215.41456508636475     
         199   215.41453003883362     
         200   215.41445088386536     
         201   215.41446304321289     
         202   215.41442298889160     
         203   215.41447591781616     
         204   215.41438794136047     
         205   215.41445803642273     
         206   215.41450285911560     
         207   215.41447997093201     
         208   215.41512894630432     
         209   215.41504311561584     
         210   215.41459798812866     
         211   215.41448307037354     
         212   215.41446208953857     
         213   215.41446304321289     
         214   215.41451382637024     
         215   215.41463994979858     
         216   215.41444277763367     
         217   215.41446685791016     
         218   215.41447591781616     
         219   215.41448593139648     
         220   215.41448998451233     
         221   215.41448903083801     
         222   215.41446495056152     
         223   215.41452097892761     
         224   215.41444301605225     
         225   215.41456985473633     
         226   215.41453194618225     
         227   215.41470408439636     
         228   215.41469502449036     
         229   215.41468191146851     
         230   215.41452312469482     
         231   215.41447305679321     
         232   215.41450810432434     
         233   215.41451716423035     
         234   215.41447710990906     
         235   215.41448998451233     
         236   215.41445183753967     
         237   215.41451883316040     
         238   215.41449403762817     
         239   215.41449809074402     
         240   215.41460394859314     
         241   215.41469001770020     
         242   215.41462111473083     
         243   215.41464519500732     
         244   215.41475296020508     
         245   215.41467881202698     
         246   215.41473388671875     
         247   215.41489601135254     
         248   215.41463708877563     
         249   215.41451311111450     
         250   215.41441297531128     
         251   215.41452193260193     
         252   215.41448879241943     
         253   215.41448879241943     
         254   215.41451096534729     
         255   215.41445493698120     
         256   215.41106295585632     
         257   215.41113901138306     
         258   215.41107702255249     
         259   215.41112804412842     
         260   215.41107797622681     
         261   215.41111993789673     
         262   215.41110110282898     
         263   215.41110301017761     
         264   215.41115188598633     
         265   215.41118192672729     
         266   215.41083097457886     
         267   215.41077089309692     
         268   215.41078114509583     
         269   215.41083407402039     
         270   215.41090488433838     
         271   215.41118001937866     
         272   215.41112494468689     
         273   215.41114997863770     
         274   215.41122698783875     
         275   215.41119885444641     
         276   215.41128897666931     
         277   215.41109585762024     
         278   215.41123008728027     
         279   215.41134905815125     
         280   215.41130995750427     
         281   215.41135883331299     
         282   215.41087388992310     
         283   215.41104292869568     
         284   215.41106820106506     
         285   215.41118717193604     
         286   215.41128301620483     
         287   215.41107821464539     
         288   215.41137599945068     
         289   215.41137790679932     
         290   215.41141605377197     
         291   215.41141700744629     
         292   215.41139817237854     
         293   215.41145205497742     
         294   215.41139388084412     
         295   215.41142296791077     
         296   215.41134715080261     
         297   215.41140508651733     
         298   215.41142892837524     
         299   215.41140794754028     
         300   215.41141605377197     
         301   215.41141104698181     
         302   215.41141104698181     
         303   215.41140890121460     
         304   215.41136097908020     
         305   215.41139507293701     
         306   215.41136407852173     
         307   215.41157698631287     
         308   215.41158604621887     
         309   215.41155290603638     
         310   215.41155195236206     
         311   215.41150403022766     
         312   215.41146302223206     
         313   215.41142797470093     
         314   215.41159582138062     
         315   215.41144585609436     
         316   215.41146111488342     
         317   215.41155099868774     
         318   215.41139793395996     
         319   215.39525198936462     
