           0   186.21993517875671     
           1   186.21992397308350     
           2   186.21991205215454     
           3   186.21992015838623     
           4   186.21992707252502     
           5   186.21992301940918     
           6   186.21996402740479     
           7   186.21996307373047     
           8   186.21995496749878     
           9   186.21988201141357     
          10   186.21996998786926     
          11   186.21996998786926     
          12   186.21997284889221     
          13   186.21997189521790     
          14   186.22000789642334     
          15   186.22000408172607     
          16   186.21989989280701     
          17   186.21988606452942     
          18   186.21988582611084     
          19   186.21987199783325     
          20   186.21989703178406     
          21   186.21989083290100     
          22   186.21994090080261     
          23   186.21994590759277     
          24   186.21993803977966     
          25   186.21994709968567     
          26   186.21996808052063     
          27   186.21996998786926     
          28   186.21988320350647     
          29   186.21998119354248     
          30   186.21998906135559     
          31   186.21999597549438     
          32   186.21980500221252     
          33   186.21992707252502     
          34   186.21992897987366     
          35   186.21991896629333     
          36   186.21991086006165     
          37   186.21992683410645     
          38   186.21993684768677     
          39   186.21995782852173     
          40   186.21993684768677     
          41   186.21993684768677     
          42   186.21996402740479     
          43   186.21996402740479     
          44   186.21997404098511     
          45   186.21997809410095     
          46   186.21998691558838     
          47   186.21994400024414     
          48   186.21992492675781     
          49   186.21987199783325     
          50   186.21990585327148     
          51   186.21987295150757     
          52   186.21990489959717     
          53   186.21987485885620     
          54   186.21993994712830     
          55   186.21994900703430     
          56   186.21993494033813     
          57   186.21991515159607     
          58   186.21994209289551     
          59   186.21994209289551     
          60   186.21994805335999     
          61   186.21994709968567     
          62   186.21996808052063     
          63   186.21996498107910     
          64   186.21794605255127     
          65   186.21799015998840     
          66   186.21790885925293     
          67   186.21801090240479     
          68   186.21796607971191     
          69   186.21801495552063     
          70   186.21808409690857     
          71   186.21808409690857     
          72   186.21807122230530     
          73   186.21805310249329     
          74   186.21806597709656     
          75   186.21806597709656     
          76   186.21801805496216     
          77   186.21805691719055     
          78   186.21806597709656     
          79   186.21807384490967     
          80   186.21812796592712     
          81   186.21812486648560     
          82   186.21811604499817     
          83   186.21811723709106     
          84   186.21811699867249     
          85   186.21806502342224     
          86   186.21816897392273     
          87   186.21817398071289     
          88   186.21817111968994     
          89   186.21817398071289     
          90   186.21817779541016     
          91   186.21818089485168     
          92   186.21817803382874     
          93   186.21817898750305     
          94   186.21820092201233     
          95   186.21814393997192     
          96   186.21812701225281     
          97   186.21813201904297     
          98   186.21815609931946     
          99   186.21816802024841     
         100   186.21815800666809     
         101   186.21817612648010     
         102   186.21816802024841     
         103   186.21818494796753     
         104   186.21809816360474     
         105   186.21816706657410     
         106   186.21818113327026     
         107   186.21817994117737     
         108   186.21818399429321     
         109   186.21818804740906     
         110   186.21820592880249     
         111   186.21823096275330     
         112   186.21817898750305     
         113   186.21866106987000     
         114   186.21860790252686     
         115   186.21860790252686     
         116   186.21860384941101     
         117   186.21858191490173     
         118   186.21860384941101     
         119   186.21858382225037     
         120   186.21852993965149     
         121   186.21853590011597     
         122   186.21848320960999     
         123   186.21854209899902     
         124   186.21853494644165     
         125   186.21854186058044     
         126   186.21856784820557     
         127   186.21853089332581     
         128   186.21855306625366     
         129   186.21867704391479     
         130   186.21868896484375     
         131   186.21835088729858     
         132   186.21842002868652     
         133   186.21843910217285     
         134   186.21842789649963     
         135   186.21841001510620     
         136   186.21833515167236     
         137   186.21833419799805     
         138   186.21833992004395     
         139   186.21833300590515     
         140   186.21832203865051     
         141   186.21832489967346     
         142   186.21834182739258     
         143   186.21836090087891     
         144   186.21851181983948     
         145   186.21863985061646     
         146   186.21847486495972     
         147   186.21860694885254     
         148   186.21840000152588     
         149   186.21841716766357     
         150   186.21840476989746     
         151   186.21875691413879     
         152   186.21885490417480     
         153   186.21881794929504     
         154   186.21882390975952     
         155   186.21883797645569     
         156   186.21882700920105     
         157   186.21885490417480     
         158   186.21884489059448     
         159   186.21883606910706     
         160   186.21791696548462     
         161   186.21801996231079     
         162   186.21802902221680     
         163   186.21816897392273     
         164   186.21830606460571     
         165   186.21820902824402     
         166   186.21824789047241     
         167   186.21805500984192     
         168   186.21797990798950     
         169   186.21794795989990     
         170   186.21792292594910     
         171   186.21793889999390     
         172   186.21793317794800     
         173   186.21791100502014     
         174   186.21795392036438     
         175   186.21791791915894     
         176   186.21810603141785     
         177   186.21793317794800     
         178   186.21807599067688     
         179   186.21816897392273     
         180   186.21830081939697     
         181   186.21823382377625     
         182   186.21798181533813     
         183   186.21797490119934     
         184   186.21802186965942     
         185   186.21797394752502     
         186   186.21793794631958     
         187   186.21799397468567     
         188   186.21795701980591     
         189   186.21796107292175     
         190   186.21826910972595     
         191   186.21891307830811     
         192   186.21948695182800     
         193   186.21953988075256     
         194   186.21969294548035     
         195   186.21968698501587     
         196   186.21970605850220     
         197   186.21976399421692     
         198   186.21981000900269     
         199   186.21970701217651     
         200   186.21956515312195     
         201   186.21954607963562     
         202   186.21951699256897     
         203   186.21965193748474     
         204   186.21949505805969     
         205   186.21958303451538     
         206   186.21954488754272     
         207   186.21953010559082     
         208   186.22024297714233     
         209   186.22011804580688     
         210   186.21951794624329     
         211   186.21947813034058     
         212   186.21947908401489     
         213   186.21952390670776     
         214   186.21945905685425     
         215   186.21953105926514     
         216   186.21947598457336     
         217   186.21951103210449     
         218   186.21952199935913     
         219   186.21959400177002     
         220   186.21960711479187     
         221   186.21958017349243     
         222   186.21963810920715     
         223   186.21981906890869     
         224   186.21937894821167     
         225   186.21950912475586     
         226   186.21943783760071     
         227   186.21957588195801     
         228   186.21945691108704     
         229   186.21945691108704     
         230   186.21950101852417     
         231   186.21948313713074     
         232   186.21946716308594     
         233   186.21944713592529     
         234   186.21945214271545     
         235   186.21946501731873     
         236   186.21940302848816     
         237   186.21947503089905     
         238   186.21944904327393     
         239   186.21947193145752     
         240   186.21959710121155     
         241   186.21945810317993     
         242   186.21966600418091     
         243   186.21957898139954     
         244   186.21963000297546     
         245   186.21968603134155     
         246   186.21956896781921     
         247   186.21979784965515     
         248   186.21955704689026     
         249   186.21947383880615     
         250   186.21941685676575     
         251   186.21945285797119     
         252   186.21945285797119     
         253   186.21943688392639     
         254   186.21958899497986     
         255   186.21944093704224     
         256   186.21660399436951     
         257   186.21683287620544     
         258   186.21671390533447     
         259   186.21687388420105     
         260   186.21660494804382     
         261   186.21673488616943     
         262   186.21663379669189     
         263   186.21663689613342     
         264   186.21667599678040     
         265   186.21660685539246     
         266   186.21632885932922     
         267   186.21626782417297     
         268   186.21638894081116     
         269   186.21635794639587     
         270   186.21664309501648     
         271   186.21672511100769     
         272   186.21663904190063     
         273   186.21669387817383     
         274   186.21676492691040     
         275   186.21671199798584     
         276   186.21688699722290     
         277   186.21661210060120     
         278   186.21675300598145     
         279   186.21672606468201     
         280   186.21678805351257     
         281   186.21680808067322     
         282   186.21621012687683     
         283   186.21644496917725     
         284   186.21652102470398     
         285   186.21655917167664     
         286   186.21681809425354     
         287   186.21659398078918     
         288   186.21723604202271     
         289   186.21688795089722     
         290   186.21691703796387     
         291   186.21692395210266     
         292   186.21689796447754     
         293   186.21700096130371     
         294   186.21689486503601     
         295   186.21693897247314     
         296   186.21684789657593     
         297   186.21690988540649     
         298   186.21695399284363     
         299   186.21688890457153     
         300   186.21694207191467     
         301   186.21692800521851     
         302   186.21695590019226     
         303   186.21692991256714     
         304   186.21692800521851     
         305   186.21691298484802     
         306   186.21698904037476     
         307   186.21709704399109     
         308   186.21702790260315     
         309   186.21688985824585     
         310   186.21701097488403     
         311   186.21687912940979     
         312   186.21693086624146     
         313   186.21687889099121     
         314   186.21707987785339     
         315   186.21703696250916     
         316   186.21689391136169     
         317   186.21700596809387     
         318   186.21691203117371     
         319   186.20048999786377     
