ATM - Media dos ranks: DInit:   44.07 s (DP:    0.00s) | DRun: 2436.47 s (DP:    1.42s) | DFina:    0.00 s (DP:    0.00s) | DTOTAL: 2480.60 s (DP:    0.02s)
ATM - Media dos ranks: DTWaits:   63.91 s (DP:  152.06s),   2.58 %
ATM - Media dos ranks: DTWaitr:  364.05 s (DP:  151.32s),  14.68 %
ATM - Media dos ranks: DTTodosWait:  427.96 s (DP:    1.22s),  17.25 %
 ATM - Media dos ranks: Timesteps, waits, waitr, todoswait, Timesteps+todoswait
 1  82.95    2.66   15.08   17.74  100.69
 2  32.84    2.95   16.74   19.69   52.53
 3  33.15    0.00    0.04    0.04   33.19
 4  32.79    0.00    0.04    0.04   32.82
 5  32.46    0.00    0.04    0.04   32.49
 6  33.15    0.00    0.04    0.04   33.19
 7  33.69    0.00    0.04    0.04   33.73
 8  66.24    7.93   44.93   52.85  119.09
 9  32.96    0.00    0.04    0.04   33.00
10  33.61    0.00    0.04    0.04   33.66
11  33.41    0.00    0.04    0.04   33.45
12  32.72    0.00    0.04    0.04   32.75
13  32.54    0.00    0.04    0.04   32.58
14  71.36    7.37   41.76   49.13  120.49
15  32.93    0.00    0.04    0.04   32.97
16  33.08    0.00    0.05    0.05   33.13
17  33.12    0.00    0.04    0.04   33.17
18  33.31    0.00    0.04    0.04   33.35
19  33.33    0.00    0.04    0.04   33.37
20  69.70    8.46   47.92   56.37  126.08
21  34.00    0.00    0.06    0.06   34.06
22  34.99    0.00    0.06    0.06   35.05
23  35.21    0.00    0.06    0.06   35.27
24  34.70    0.00    0.05    0.05   34.75
25  34.33    0.00    0.05    0.05   34.39
26  77.59    7.79   44.15   51.95  129.54
27  37.24    0.00    0.08    0.08   37.32
28  36.70    0.00    0.06    0.06   36.76
29  35.14    0.00    0.04    0.04   35.18
30  33.80    0.00    0.05    0.05   33.85
31  35.41    0.00    0.06    0.06   35.47
32  74.38    8.62   48.85   57.47  131.85
33  36.70    0.00    0.06    0.06   36.76
34  34.51    0.00    0.04    0.04   34.55
35  33.72    0.00    0.04    0.04   33.77
36  34.57    0.00    0.04    0.04   34.61
37  35.64    0.00    0.06    0.06   35.70
38  80.21    8.42   47.69   56.11  136.32
39  39.02    0.00    0.07    0.07   39.09
40  36.72    0.00    0.05    0.05   36.77
41  35.88    0.00    0.04    0.04   35.92
42  35.34    0.00    0.04    0.04   35.38
43  35.18    0.00    0.04    0.04   35.22
44  72.73    9.71   55.04   64.76  137.49
45  34.93    0.00    0.04    0.04   34.97
46  34.08    0.00    0.04    0.04   34.12
47  33.78    0.00    0.04    0.04   33.82
48  34.32    0.00    0.04    0.04   34.36
49  51.61    0.00    0.00    0.00
