    1   16.97
    2    0.52
    3    0.52
    4    0.51
    5    0.51
    6    0.51
    7    0.52
    8    0.53
    9    0.53
   10    0.66
   11    0.52
   12    0.52
   13    0.52
   14    0.52
   15    0.52
   16    0.52
   17    0.52
   18    0.53
   19    0.53
   20    0.64
   21    0.76
   22    0.52
   23    0.52
   24    0.52
   25    0.54
   26    0.55
   27    0.56
   28    0.56
   29    0.57
   30    0.69
   31    0.57
   32    0.58
   33    0.58
   34    0.58
   35    0.57
   36    0.57
   37    0.57
   38    0.56
   39    0.56
   40    0.67
   41    0.77
   42    0.54
   43    0.54
   44    0.53
   45    0.53
   46    0.53
   47    0.53
   48    0.53
   49    0.53
   50    0.65
   51    0.53
   52    0.53
   53    0.53
   54    0.53
   55    0.53
   56    0.53
   57    0.53
   58    0.53
   59    0.54
   60    8.76
   61    0.76
   62    0.53
   63    0.53
   64    0.53
   65    0.53
   66    0.53
   67    0.53
   68    0.53
   69    0.53
   70    0.66
   71    0.53
   72    0.53
   73    0.53
   74    0.53
   75    0.53
   76    0.53
   77    0.53
   78    0.53
   79    0.53
   80    0.66
   81    0.76
   82    0.53
   83    0.53
   84    0.53
   85    0.53
   86    0.53
   87    0.53
   88    0.53
   89    0.53
   90    0.67
   91    0.53
   92    0.53
   93    0.53
   94    0.53
   95    0.53
   96    0.53
   97    0.53
   98    0.53
   99    0.53
  100    0.66
  101    0.76
  102    0.53
  103    0.53
  104    0.53
  105    0.53
  106    0.53
  107    0.53
  108    0.53
  109    0.53
  110    0.66
  111    0.53
  112    0.53
  113    0.53
  114    0.53
  115    0.53
  116    0.53
  117    0.53
  118    0.53
  119    0.53
  120    0.69
  121    0.78
  122    0.53
  123    0.53
  124    0.52
  125    0.53
  126    0.52
  127    0.52
  128    0.52
  129    0.52
  130    0.66
  131    0.52
  132    0.52
  133    0.52
  134    0.52
  135    0.52
  136    0.52
  137    0.52
  138    0.52
  139    0.52
  140    0.66
  141    0.78
  142    0.52
  143    0.52
  144    0.52
  145    0.52
  146    0.52
  147    0.52
  148    0.52
  149    0.52
  150    0.65
  151    0.52
  152    0.52
  153    0.52
  154    0.52
  155    0.52
  156    0.52
  157    0.52
  158    0.52
  159    0.52
  160    0.66
  161    0.77
  162    0.52
  163    0.52
  164    0.52
  165    0.52
  166    0.52
  167    0.52
  168    0.52
  169    0.52
  170    0.66
  171    0.52
  172    0.52
  173    0.52
  174    0.52
  175    0.52
  176    0.52
  177    0.52
  178    0.52
  179    0.52
  180    0.68
  181    0.75
  182    0.52
  183    0.51
  184    0.52
  185    0.52
  186    0.52
  187    0.52
  188    0.52
  189    0.52
  190    0.63
  191    0.51
  192    0.51
  193    0.51
  194    0.51
  195    0.51
  196    0.52
  197    0.52
  198    0.52
  199    0.52
  200    0.63
  201    0.75
  202    0.52
  203    0.52
  204    0.52
  205    0.52
  206    0.52
  207    0.52
  208    0.52
  209    0.52
  210    0.63
  211    0.52
  212    0.52
  213    0.52
  214    0.52
  215    0.52
  216    0.52
  217    0.52
  218    0.51
  219    0.52
  220    0.63
  221    0.75
  222    0.52
  223    0.52
  224    0.52
  225    0.52
  226    0.52
  227    0.52
  228    0.52
  229    0.52
  230    0.62
  231    0.52
  232    0.52
  233    0.52
  234    0.52
  235    0.52
  236    0.52
  237    0.52
  238    0.52
  239    0.52
  240    0.65
  241    0.76
  242    0.53
  243    0.53
  244    0.52
  245    0.52
  246    0.52
  247    0.52
  248    0.53
  249    0.52
  250    0.63
  251    0.53
  252    0.53
  253    0.53
  254    0.53
  255    0.53
  256    0.53
  257    0.53
  258    0.53
  259    0.53
  260    0.64
  261    0.76
  262    0.53
  263    0.53
  264    0.53
  265    0.53
  266    0.53
  267    0.53
  268    0.53
  269    0.53
  270    0.63
  271    0.53
  272    0.53
  273    0.53
  274    0.53
  275    0.53
  276    0.53
  277    0.53
  278    0.53
  279    0.53
  280    0.64
  281    0.76
  282    0.53
  283    0.53
  284    0.53
  285    0.53
  286    0.53
  287    0.53
  288    0.53
  289    0.53
  290    0.64
  291    0.53
  292    0.53
  293    0.53
  294    0.53
  295    0.53
  296    0.53
  297    0.53
  298    0.53
  299    0.53
  300    0.66
  301    0.76
  302    0.53
  303    0.53
  304    0.53
  305    0.53
  306    0.53
  307    0.53
  308    0.53
  309    0.53
  310    0.64
  311    0.53
  312    0.53
  313    0.53
  314    0.53
  315    0.53
  316    0.53
  317    0.53
  318    0.53
  319    0.54
  320    0.65
  321    0.76
  322    0.54
  323    0.54
  324    0.54
  325    0.54
  326    0.54
  327    0.53
  328    0.54
  329    0.54
  330    0.65
  331    0.54
  332    0.54
  333    0.54
  334    0.55
  335    0.54
  336    0.54
  337    0.54
  338    0.54
  339    0.54
  340    0.66
  341    0.77
  342    0.54
  343    0.54
  344    0.54
  345    0.54
  346    0.55
  347    0.55
  348    0.54
  349    0.55
  350    0.66
  351    0.55
  352    0.55
  353    0.55
  354    0.54
  355    0.55
  356    0.55
  357    0.55
  358    0.55
  359    1.02
  360   33.44
  361    0.77
  362    0.55
  363    0.55
  364    0.55
  365    0.55
  366    0.55
  367    0.55
  368    0.55
  369    0.55
  370    0.63
  371    0.55
  372    0.55
  373    0.55
  374    0.55
  375    0.54
  376    0.55
  377    0.54
  378    0.55
  379    0.55
  380    0.63
  381    0.77
  382    0.54
  383    0.54
  384    0.54
  385    0.54
  386    0.54
  387    0.54
  388    0.54
  389    0.54
  390    0.63
  391    0.54
  392    0.54
  393    0.54
  394    0.54
  395    0.54
  396    0.54
  397    0.54
  398    0.54
  399    0.54
  400    0.63
  401    0.76
  402    0.54
  403    0.53
  404    0.53
  405    0.53
  406    0.53
  407    0.53
  408    0.53
  409    0.53
  410    0.62
  411    0.53
  412    0.53
  413    0.53
  414    0.53
  415    0.53
  416    0.53
  417    0.53
  418    0.53
  419    1.38
  420   51.62
  421    0.75
  422    0.52
  423    0.52
  424    0.52
  425    0.52
  426    0.52
  427    0.52
  428    0.52
  429    0.52
  430    0.61
  431    0.52
  432    0.52
  433    0.52
  434    0.52
  435    0.52
  436    0.52
  437    0.52
  438    0.52
  439    0.53
  440    0.62
  441    0.75
  442    0.53
  443    0.53
  444    0.53
  445    0.53
  446    0.53
  447    0.53
  448    0.53
  449    0.53
  450    0.62
  451    0.53
  452    0.53
  453    0.53
  454    0.53
  455    0.53
  456    0.53
  457    0.53
  458    0.53
  459    0.53
  460    0.62
  461    0.76
  462    0.53
  463    0.53
  464    0.53
  465    0.53
  466    0.53
  467    0.53
  468    0.53
  469    0.54
  470    0.62
  471    0.53
  472    0.53
  473    0.53
  474    0.54
  475    0.53
  476    0.54
  477    0.53
  478    0.53
  479    0.54
  480    0.65
  481    0.77
  482    0.54
  483    0.54
  484    0.53
  485    0.53
  486    0.53
  487    0.53
  488    0.53
  489    0.54
  490    0.62
  491    0.53
  492    0.54
  493    0.54
  494    0.54
  495    0.54
  496    0.54
  497    0.54
  498    0.54
  499    0.54
  500    0.63
  501    0.76
  502    0.54
  503    0.54
  504    0.54
  505    0.54
  506    0.54
  507    0.54
  508    0.54
  509    0.54
  510    0.65
  511    0.54
  512    0.54
  513    0.54
  514    0.54
  515    0.54
  516    0.54
  517    0.54
  518    0.55
  519    0.54
  520    0.63
  521    0.77
  522    0.54
  523    0.54
  524    0.54
  525    0.54
  526    0.54
  527    0.54
  528    0.54
  529    0.54
  530    0.63
  531    0.54
  532    0.54
  533    0.54
  534    0.54
  535    0.54
  536    0.54
  537    0.54
  538    0.54
  539    0.54
  540    0.65
  541    0.76
  542    0.54
  543    0.54
  544    0.54
  545    0.54
  546    0.54
  547    0.54
  548    0.54
  549    0.54
  550    0.62
  551    0.54
  552    0.54
  553    0.54
  554    0.54
  555    0.54
  556    0.54
  557    0.54
  558    0.54
  559    0.54
  560    0.66
  561    0.76
  562    0.54
  563    0.54
  564    0.54
  565    0.54
  566    0.54
  567    0.54
  568    0.54
  569    0.54
  570    0.65
  571    0.53
  572    0.54
  573    0.53
  574    0.53
  575    0.53
  576    0.53
  577    0.53
  578    0.53
  579    0.54
  580    0.65
  581    0.76
  582    0.53
  583    0.53
  584    0.53
  585    0.53
  586    0.53
  587    0.53
  588    0.53
  589    0.53
  590    0.65
  591    0.53
  592    0.53
  593    0.53
  594    0.53
  595    0.53
  596    0.53
  597    0.53
  598    0.53
  599    0.53
  600    0.67
  601    0.76
  602    0.53
  603    0.53
  604    0.53
  605    0.53
  606    0.53
  607    0.53
  608    0.53
  609    0.53
  610    0.64
  611    0.53
  612    0.53
  613    0.53
  614    0.53
  615    0.53
  616    0.52
  617    0.53
  618    0.52
  619    0.53
  620    0.64
  621    0.75
  622    0.53
  623    0.52
  624    0.52
  625    0.52
  626    0.52
  627    0.52
  628    0.52
  629    0.53
  630    0.64
  631    0.52
  632    0.52
  633    0.52
  634    0.52
  635    0.52
  636    0.52
  637    0.52
  638    0.52
  639    0.52
  640    0.64
  641    0.75
  642    0.52
  643    0.52
  644    0.52
  645    0.52
  646    0.52
  647    0.52
  648    0.52
  649    0.52
  650    0.64
  651    0.52
  652    0.52
  653    0.52
  654    0.52
  655    0.52
  656    0.52
  657    0.52
  658    0.52
  659    0.52
  660    0.66
  661    0.75
  662    0.52
  663    0.52
  664    0.52
  665    0.52
  666    0.52
  667    0.52
  668    0.52
  669    0.52
  670    0.63
  671    0.52
  672    0.52
  673    0.52
  674    0.52
  675    0.52
  676    0.52
  677    0.52
  678    0.52
  679    0.52
  680    0.63
  681    0.74
  682    0.52
  683    0.52
  684    0.52
  685    0.52
  686    0.52
  687    0.52
  688    0.52
  689    0.52
  690    0.63
  691    0.52
  692    0.52
  693    0.52
  694    0.52
  695    0.52
  696    0.52
  697    0.52
  698    0.52
  699    0.52
  700    0.64
  701    0.75
  702    0.52
  703    0.52
  704    0.52
  705    0.52
  706    0.52
  707    0.52
  708    0.52
  709    0.53
  710    0.64
  711    0.52
  712    0.53
  713    0.53
  714    0.53
  715    0.53
  716    0.53
  717    0.53
  718    0.53
  719    1.50
  720   39.78
  721    0.75
  722    0.53
  723    0.53
  724    0.52
  725    0.52
  726    0.53
  727    0.53
  728    0.53
  729    0.53
  730    0.64
  731    0.53
  732    0.53
  733    0.53
  734    0.52
  735    0.53
  736    0.53
  737    0.53
  738    0.52
  739    0.53
  740    0.65
  741    0.75
  742    0.53
  743    0.53
  744    0.52
  745    0.53
  746    0.53
  747    0.52
  748    0.52
  749    0.53
  750    0.64
  751    0.53
  752    0.53
  753    0.53
  754    0.53
  755    0.53
  756    0.53
  757    0.53
  758    0.53
  759    0.53
  760    0.65
  761    0.75
  762    0.53
  763    0.53
  764    0.53
  765    0.53
  766    0.53
  767    0.53
  768    0.53
  769    0.53
  770    0.64
  771    0.53
  772    0.53
  773    0.52
  774    0.52
  775    0.52
  776    0.52
  777    0.52
  778    0.53
  779    1.65
  780   45.64
  781    0.75
  782    0.53
  783    0.53
  784    0.53
  785    0.53
  786    0.53
  787    0.53
  788    0.53
  789    0.53
  790    0.64
  791    0.53
  792    0.53
  793    0.53
  794    0.53
  795    0.52
  796    0.53
  797    0.53
  798    0.53
  799    0.53
  800    0.65
  801    0.75
  802    0.53
  803    0.53
  804    0.53
  805    0.53
  806    0.53
  807    0.53
  808    0.53
  809    0.53
  810    0.64
  811    0.53
  812    0.53
  813    0.53
  814    0.53
  815    0.53
  816    0.53
  817    0.53
  818    0.53
  819    0.53
  820    0.65
  821    0.75
  822    0.53
  823    0.53
  824    0.53
  825    0.53
  826    0.53
  827    0.53
  828    0.53
  829    0.53
  830    0.64
  831    0.53
  832    0.53
  833    0.53
  834    0.53
  835    0.53
  836    0.53
  837    0.53
  838    0.53
  839    0.53
  840    0.67
  841    0.75
  842    0.53
  843    0.53
  844    0.53
  845    0.53
  846    0.53
  847    0.53
  848    0.53
  849    0.53
  850    0.64
  851    0.53
  852    0.53
  853    0.53
  854    0.53
  855    0.53
  856    0.53
  857    0.53
  858    0.53
  859    0.53
  860    0.65
  861    0.75
  862    0.53
  863    0.53
  864    0.53
  865    0.53
  866    0.53
  867    0.53
  868    0.53
  869    0.53
  870    0.64
  871    0.53
  872    0.53
  873    0.53
  874    0.53
  875    0.53
  876    0.53
  877    0.53
  878    0.53
  879    0.54
  880    0.65
  881    0.76
  882    0.54
  883    0.54
  884    0.54
  885    0.54
  886    0.53
  887    0.54
  888    0.53
  889    0.54
  890    0.64
  891    0.54
  892    0.54
  893    0.53
  894    0.53
  895    0.53
  896    0.53
  897    0.53
  898    0.53
  899    0.54
  900    0.67
  901    0.76
  902    0.53
  903    0.53
  904    0.53
  905    0.53
  906    0.53
  907    0.53
  908    0.53
  909    0.54
  910    0.64
  911    0.53
  912    0.53
  913    0.53
  914    0.53
  915    0.53
  916    0.53
  917    0.53
  918    0.53
  919    0.53
  920    0.64
  921    0.76
  922    0.53
  923    0.53
  924    0.53
  925    0.53
  926    0.53
  927    0.53
  928    0.53
  929    0.53
  930    0.64
  931    0.53
  932    0.53
  933    0.53
  934    0.53
  935    0.53
  936    0.53
  937    0.53
  938    0.53
  939    0.53
  940    0.65
  941    0.75
  942    0.53
  943    0.53
  944    0.53
  945    0.53
  946    0.53
  947    0.53
  948    0.53
  949    0.53
  950    0.64
  951    0.53
  952    0.53
  953    0.53
  954    0.53
  955    0.53
  956    0.53
  957    0.53
  958    0.53
  959    0.54
  960    0.67
  961    0.76
  962    0.53
  963    0.54
  964    0.54
  965    0.53
  966    0.53
  967    0.54
  968    0.53
  969    0.54
  970    0.64
  971    0.53
  972    0.53
  973    0.53
  974    0.53
  975    0.53
  976    0.53
  977    0.53
  978    0.53
  979    0.54
  980    0.65
  981    0.76
  982    0.53
  983    0.53
  984    0.54
  985    0.54
  986    0.54
  987    0.53
  988    0.53
  989    0.54
  990    0.64
  991    0.53
  992    0.53
  993    0.53
  994    0.53
  995    0.54
  996    0.54
  997    0.54
  998    0.54
  999    0.54
 1000    0.65
 1001    0.76
 1002    0.54
 1003    0.54
 1004    0.54
 1005    0.53
 1006    0.54
 1007    0.54
 1008    0.54
 1009    0.54
 1010    0.64
 1011    0.54
 1012    0.54
 1013    0.54
 1014    0.54
 1015    0.53
 1016    0.53
 1017    0.53
 1018    0.54
 1019    0.54
 1020    0.67
 1021    0.76
 1022    0.53
 1023    0.53
 1024    0.54
 1025    0.53
 1026    0.53
 1027    0.53
 1028    0.54
 1029    0.54
 1030    0.64
 1031    0.53
 1032    0.53
 1033    0.54
 1034    0.53
 1035    0.53
 1036    0.53
 1037    0.53
 1038    0.53
 1039    0.54
 1040    0.65
 1041    0.76
 1042    0.54
 1043    0.53
 1044    0.53
 1045    0.54
 1046    0.53
 1047    0.53
 1048    0.53
 1049    0.54
 1050    0.64
 1051    0.53
 1052    0.53
 1053    0.53
 1054    0.53
 1055    0.53
 1056    0.53
 1057    0.53
 1058    0.53
 1059    0.54
 1060    0.65
 1061    0.76
 1062    0.53
 1063    0.54
 1064    0.54
 1065    0.54
 1066    0.53
 1067    0.53
 1068    0.53
 1069    0.54
 1070    0.64
 1071    0.54
 1072    0.54
 1073    0.54
 1074    0.54
 1075    0.54
 1076    0.54
 1077    0.54
 1078    0.59
 1079    1.86
 1080   35.11
 1081    0.76
 1082    0.54
 1083    0.54
 1084    0.54
 1085    0.54
 1086    0.54
 1087    0.54
 1088    0.54
 1089    0.54
 1090    0.64
 1091    0.54
 1092    0.54
 1093    0.54
 1094    0.54
 1095    0.54
 1096    0.54
 1097    0.54
 1098    0.54
 1099    0.54
 1100    0.65
 1101    0.77
 1102    0.54
 1103    0.54
 1104    0.54
 1105    0.54
 1106    0.54
 1107    0.54
 1108    0.54
 1109    0.54
 1110    0.64
 1111    0.54
 1112    0.54
 1113    0.54
 1114    0.54
 1115    0.54
 1116    0.54
 1117    0.54
 1118    0.54
 1119    0.54
 1120    0.65
 1121    0.77
 1122    0.54
 1123    0.54
 1124    0.54
 1125    0.54
 1126    0.54
 1127    0.54
 1128    0.54
 1129    0.54
 1130    0.64
 1131    0.54
 1132    0.54
 1133    0.54
 1134    0.54
 1135    0.54
 1136    0.54
 1137    0.54
 1138    0.63
 1139    2.53
 1140   52.71
 1141    0.77
 1142    0.54
 1143    0.54
 1144    0.54
 1145    0.54
 1146    0.54
 1147    0.54
 1148    0.54
 1149    0.54
 1150    0.63
 1151    0.54
 1152    0.54
 1153    0.54
 1154    0.54
 1155    0.54
 1156    0.54
 1157    0.54
 1158    0.54
 1159    0.54
 1160    0.64
 1161    0.77
 1162    0.54
 1163    0.54
 1164    0.54
 1165    0.54
 1166    0.54
 1167    0.54
 1168    0.54
 1169    0.55
 1170    0.63
 1171    0.55
 1172    0.55
 1173    0.55
 1174    0.55
 1175    0.55
 1176    0.55
 1177    0.55
 1178    0.55
 1179    0.55
 1180    0.64
 1181    0.78
 1182    0.55
 1183    0.55
 1184    0.55
 1185    0.56
 1186    0.56
 1187    0.55
 1188    0.56
 1189    0.56
 1190    0.64
 1191    0.56
 1192    0.56
 1193    0.56
 1194    0.56
 1195    0.56
 1196    0.56
 1197    0.56
 1198    0.56
 1199    0.56
 1200    0.67
 1201    0.79
 1202    0.56
 1203    0.56
 1204    0.56
 1205    0.56
 1206    0.56
 1207    0.56
 1208    0.56
 1209    0.56
 1210    0.64
 1211    0.56
 1212    0.56
 1213    0.56
 1214    0.56
 1215    0.56
 1216    0.56
 1217    0.56
 1218    0.57
 1219    0.57
 1220    0.65
 1221    0.80
 1222    0.57
 1223    0.56
 1224    0.56
 1225    0.56
 1226    0.56
 1227    0.56
 1228    0.56
 1229    0.57
 1230    0.65
 1231    0.57
 1232    0.57
 1233    0.57
 1234    0.57
 1235    0.57
 1236    0.57
 1237    0.57
 1238    0.57
 1239    0.57
 1240    0.66
 1241    0.80
 1242    0.57
 1243    0.57
 1244    0.57
 1245    0.57
 1246    0.57
 1247    0.57
 1248    0.57
 1249    0.57
 1250    0.65
 1251    0.57
 1252    0.57
 1253    0.57
 1254    0.56
 1255    0.57
 1256    0.57
 1257    0.57
 1258    0.57
 1259    0.57
 1260    0.68
 1261    0.80
 1262    0.57
 1263    0.57
 1264    0.57
 1265    0.57
 1266    0.57
 1267    0.57
 1268    0.57
 1269    0.57
 1270    0.65
 1271    0.57
 1272    0.57
 1273    0.57
 1274    0.57
 1275    0.57
 1276    0.57
 1277    0.57
 1278    0.57
 1279    0.57
 1280    0.66
 1281    0.80
 1282    0.57
 1283    0.57
 1284    0.57
 1285    0.57
 1286    0.57
 1287    0.57
 1288    0.57
 1289    0.57
 1290    0.65
 1291    0.57
 1292    0.57
 1293    0.57
 1294    0.57
 1295    0.57
 1296    0.57
 1297    0.57
 1298    0.57
 1299    0.57
 1300    0.66
 1301    0.80
 1302    0.57
 1303    0.57
 1304    0.57
 1305    0.57
 1306    0.57
 1307    0.57
 1308    0.57
 1309    0.57
 1310    0.65
 1311    0.57
 1312    0.57
 1313    0.57
 1314    0.57
 1315    0.57
 1316    0.57
 1317    0.57
 1318    0.57
 1319    0.57
 1320    0.68
 1321    0.80
 1322    0.57
 1323    0.57
 1324    0.57
 1325    0.57
 1326    0.57
 1327    0.57
 1328    0.57
 1329    0.57
 1330    0.65
 1331    0.57
 1332    0.57
 1333    0.57
 1334    0.57
 1335    0.57
 1336    0.56
 1337    0.57
 1338    0.56
 1339    0.57
 1340    0.65
 1341    0.79
 1342    0.56
 1343    0.56
 1344    0.56
 1345    0.56
 1346    0.56
 1347    0.56
 1348    0.56
 1349    0.56
 1350    0.65
 1351    0.56
 1352    0.56
 1353    0.56
 1354    0.56
 1355    0.56
 1356    0.56
 1357    0.56
 1358    0.56
 1359    0.56
 1360    0.66
 1361    0.79
 1362    0.56
 1363    0.56
 1364    0.56
 1365    0.56
 1366    0.56
 1367    0.56
 1368    0.56
 1369    0.56
 1370    0.65
 1371    0.56
 1372    0.56
 1373    0.56
 1374    0.56
 1375    0.56
 1376    0.56
 1377    0.56
 1378    0.56
 1379    0.56
 1380    0.68
 1381    0.78
 1382    0.56
 1383    0.55
 1384    0.55
 1385    0.55
 1386    0.55
 1387    0.55
 1388    0.55
 1389    0.56
 1390    0.65
 1391    0.55
 1392    0.55
 1393    0.55
 1394    0.55
 1395    0.55
 1396    0.55
 1397    0.55
 1398    0.55
 1399    0.56
 1400    0.66
 1401    0.78
 1402    0.55
 1403    0.55
 1404    0.55
 1405    0.55
 1406    0.55
 1407    0.55
 1408    0.55
 1409    0.55
 1410    0.64
 1411    0.55
 1412    0.55
 1413    0.55
 1414    0.55
 1415    0.55
 1416    0.55
 1417    0.55
 1418    0.55
 1419    0.56
 1420    0.65
 1421    0.78
 1422    0.55
 1423    0.55
 1424    0.55
 1425    0.55
 1426    0.55
 1427    0.55
 1428    0.55
 1429    0.56
 1430    0.64
 1431    0.55
 1432    0.56
 1433    0.56
 1434    0.56
 1435    0.56
 1436    0.56
 1437    0.56
 1438    0.63
 1439    2.50
 1440   40.69
 1441    0.79
 1442    0.56
 1443    0.56
 1444    0.56
 1445    0.57
 1446    0.57
 1447    0.57
 1448    0.57
 1449    0.57
 1450    0.65
 1451    0.57
 1452    0.57
 1453    0.57
 1454    0.57
 1455    0.57
 1456    0.57
 1457    0.57
 1458    0.58
 1459    0.58
 1460    0.67
 1461    0.80
 1462    0.58
 1463    0.58
 1464    0.58
 1465    0.58
 1466    0.58
 1467    0.58
 1468    0.58
 1469    0.59
 1470    0.66
 1471    0.58
 1472    0.59
 1473    0.58
 1474    0.59
 1475    0.59
 1476    0.59
 1477    0.59
 1478    0.59
 1479    0.59
 1480    0.68
 1481    0.82
 1482    0.60
 1483    0.59
 1484    0.59
 1485    0.59
 1486    0.60
 1487    0.60
 1488    0.60
 1489    0.60
 1490    0.67
 1491    0.60
 1492    0.60
 1493    0.60
 1494    0.60
 1495    0.60
 1496    0.59
 1497    0.59
 1498    0.67
 1499    3.10
 1500   45.80
 1501    0.82
 1502    0.59
 1503    0.59
 1504    0.59
 1505    0.59
 1506    0.59
 1507    0.59
 1508    0.59
 1509    0.60
 1510    0.67
 1511    0.59
 1512    0.59
 1513    0.59
 1514    0.59
 1515    0.59
 1516    0.59
 1517    0.59
 1518    0.59
 1519    0.60
 1520    0.68
 1521    0.82
 1522    0.60
 1523    0.60
 1524    0.60
 1525    0.60
 1526    0.60
 1527    0.60
 1528    0.60
 1529    0.60
 1530    0.67
 1531    0.60
 1532    0.60
 1533    0.60
 1534    0.60
 1535    0.60
 1536    0.60
 1537    0.60
 1538    0.60
 1539    0.61
 1540    0.69
 1541    0.83
 1542    0.60
 1543    0.61
 1544    0.61
 1545    0.61
 1546    0.61
 1547    0.61
 1548    0.61
 1549    0.61
 1550    0.68
 1551    0.61
 1552    0.61
 1553    0.61
 1554    0.61
 1555    0.61
 1556    0.61
 1557    0.61
 1558    0.61
 1559    0.61
 1560    0.71
 1561    0.83
 1562    0.61
 1563    0.61
 1564    0.60
 1565    0.61
 1566    0.60
 1567    0.60
 1568    0.60
 1569    0.61
 1570    0.68
 1571    0.60
 1572    0.60
 1573    0.60
 1574    0.60
 1575    0.60
 1576    0.60
 1577    0.60
 1578    0.60
 1579    0.60
 1580    0.69
 1581    0.83
 1582    0.60
 1583    0.60
 1584    0.59
 1585    0.60
 1586    0.59
 1587    0.59
 1588    0.59
 1589    0.60
 1590    0.67
 1591    0.59
 1592    0.59
 1593    0.59
 1594    0.59
 1595    0.59
 1596    0.58
 1597    0.58
 1598    0.58
 1599    0.58
 1600    0.67
 1601    0.81
 1602    0.58
 1603    0.58
 1604    0.58
 1605    0.58
 1606    0.58
 1607    0.58
 1608    0.58
 1609    0.59
 1610    0.66
 1611    0.58
 1612    0.58
 1613    0.58
 1614    0.58
 1615    0.58
 1616    0.58
 1617    0.58
 1618    0.58
 1619    0.58
 1620    0.69
 1621    0.81
 1622    0.58
 1623    0.58
 1624    0.58
 1625    0.58
 1626    0.58
 1627    0.58
 1628    0.58
 1629    0.58
 1630    0.65
 1631    0.58
 1632    0.58
 1633    0.58
 1634    0.58
 1635    0.58
 1636    0.57
 1637    0.57
 1638    0.57
 1639    0.58
 1640    0.66
 1641    0.80
 1642    0.57
 1643    0.57
 1644    0.56
 1645    0.56
 1646    0.56
 1647    0.56
 1648    0.56
 1649    0.57
 1650    0.64
 1651    0.56
 1652    0.56
 1653    0.56
 1654    0.56
 1655    0.56
 1656    0.56
 1657    0.56
 1658    0.56
 1659    0.56
 1660    0.66
 1661    0.78
 1662    0.56
 1663    0.55
 1664    0.55
 1665    0.56
 1666    0.55
 1667    0.55
 1668    0.55
 1669    0.56
 1670    0.65
 1671    0.55
 1672    0.55
 1673    0.55
 1674    0.55
 1675    0.55
 1676    0.55
 1677    0.55
 1678    0.55
 1679    0.56
 1680    0.70
 1681    0.77
 1682    0.55
 1683    0.55
 1684    0.54
 1685    0.54
 1686    0.54
 1687    0.54
 1688    0.54
 1689    0.55
 1690    0.65
 1691    0.54
 1692    0.54
 1693    0.54
 1694    0.54
 1695    0.54
 1696    0.54
 1697    0.54
 1698    0.54
 1699    0.55
 1700    0.67
 1701    0.76
 1702    0.54
 1703    0.54
 1704    0.54
 1705    0.54
 1706    0.54
 1707    0.54
 1708    0.54
 1709    0.54
 1710    0.65
 1711    0.54
 1712    0.54
 1713    0.54
 1714    0.54
 1715    0.54
 1716    0.54
 1717    0.54
 1718    0.54
 1719    0.55
 1720    0.67
 1721    0.76
 1722    0.54
 1723    0.54
 1724    0.54
 1725    0.54
 1726    0.54
 1727    0.54
 1728    0.54
 1729    0.55
 1730    0.66
 1731    0.54
 1732    0.54
 1733    0.54
 1734    0.54
 1735    0.54
 1736    0.54
 1737    0.54
 1738    0.54
 1739    0.55
 1740    0.71
 1741    0.76
 1742    0.54
 1743    0.54
 1744    0.54
 1745    0.54
 1746    0.54
 1747    0.54
 1748    0.54
 1749    0.55
 1750    0.66
 1751    0.54
 1752    0.54
 1753    0.54
 1754    0.55
 1755    0.55
 1756    0.55
 1757    0.55
 1758    0.55
 1759    0.56
 1760    0.67
 1761    0.77
 1762    0.56
 1763    0.56
 1764    0.56
 1765    0.56
 1766    0.57
 1767    0.57
 1768    0.57
 1769    0.58
 1770    0.66
 1771    0.57
 1772    0.57
 1773    0.58
 1774    0.58
 1775    0.58
 1776    0.58
 1777    0.58
 1778    0.58
 1779    0.59
 1780    0.68
 1781    0.80
 1782    0.58
 1783    0.59
 1784    0.59
 1785    0.59
 1786    0.59
 1787    0.59
 1788    0.59
 1789    0.60
 1790    0.67
 1791    0.60
 1792    0.60
 1793    0.60
 1794    0.60
 1795    0.60
 1796    0.60
 1797    0.60
 1798    0.66
 1799    2.87
 1800   34.62
 1801    0.81
 1802    0.60
 1803    0.60
 1804    0.60
 1805    0.60
 1806    0.60
 1807    0.60
 1808    0.60
 1809    0.61
 1810    0.68
 1811    0.61
 1812    0.61
 1813    0.61
 1814    0.61
 1815    0.61
 1816    0.61
 1817    0.61
 1818    0.61
 1819    0.61
 1820    0.70
 1821    0.82
 1822    0.61
 1823    0.61
 1824    0.61
 1825    0.61
 1826    0.61
 1827    0.61
 1828    0.60
 1829    0.61
 1830    0.68
 1831    0.60
 1832    0.60
 1833    0.60
 1834    0.60
 1835    0.60
 1836    0.60
 1837    0.60
 1838    0.60
 1839    0.61
 1840    0.69
 1841    0.82
 1842    0.60
 1843    0.60
 1844    0.60
 1845    0.60
 1846    0.60
 1847    0.60
 1848    0.61
 1849    0.61
 1850    0.68
 1851    0.61
 1852    0.61
 1853    0.61
 1854    0.60
 1855    0.60
 1856    0.60
 1857    0.60
 1858    0.69
 1859    4.06
 1860   50.99
 1861    0.82
 1862    0.60
 1863    0.60
 1864    0.60
 1865    0.60
 1866    0.60
 1867    0.60
 1868    0.60
 1869    0.61
 1870    0.67
 1871    0.60
 1872    0.60
 1873    0.60
 1874    0.60
 1875    0.60
 1876    0.60
 1877    0.60
 1878    0.60
 1879    0.61
 1880    0.69
 1881    0.81
 1882    0.60
 1883    0.60
 1884    0.59
 1885    0.59
 1886    0.59
 1887    0.59
 1888    0.59
 1889    0.59
 1890    0.66
 1891    0.59
 1892    0.59
 1893    0.59
 1894    0.59
 1895    0.59
 1896    0.59
 1897    0.59
 1898    0.59
 1899    0.60
 1900    0.68
 1901    0.80
 1902    0.59
 1903    0.59
 1904    0.59
 1905    0.59
 1906    0.59
 1907    0.59
 1908    0.59
 1909    0.60
 1910    0.67
 1911    0.59
 1912    0.59
 1913    0.59
 1914    0.59
 1915    0.59
 1916    0.59
 1917    0.59
 1918    0.59
 1919    0.60
 1920    0.70
 1921    0.81
 1922    0.59
 1923    0.59
 1924    0.59
 1925    0.59
 1926    0.59
 1927    0.58
 1928    0.59
 1929    0.59
 1930    0.66
 1931    0.58
 1932    0.58
 1933    0.58
 1934    0.57
 1935    0.57
 1936    0.57
 1937    0.57
 1938    0.57
 1939    0.57
 1940    0.66
 1941    0.77
 1942    0.56
 1943    0.56
 1944    0.55
 1945    0.55
 1946    0.55
 1947    0.55
 1948    0.55
 1949    0.55
 1950    0.64
 1951    0.55
 1952    0.55
 1953    0.54
 1954    0.54
 1955    0.54
 1956    0.54
 1957    0.54
 1958    0.54
 1959    0.55
 1960    0.66
 1961    0.76
 1962    0.54
 1963    0.54
 1964    0.54
 1965    0.54
 1966    0.54
 1967    0.54
 1968    0.54
 1969    0.55
 1970    0.65
 1971    0.54
 1972    0.54
 1973    0.54
 1974    0.54
 1975    0.54
 1976    0.54
 1977    0.54
 1978    0.54
 1979    0.55
 1980    0.70
 1981    0.76
 1982    0.54
 1983    0.54
 1984    0.54
 1985    0.54
 1986    0.54
 1987    0.54
 1988    0.54
 1989    0.55
 1990    0.65
 1991    0.54
 1992    0.54
 1993    0.54
 1994    0.54
 1995    0.54
 1996    0.54
 1997    0.54
 1998    0.54
 1999    0.55
 2000    0.67
 2001    0.76
 2002    0.54
 2003    0.54
 2004    0.54
 2005    0.54
 2006    0.54
 2007    0.54
 2008    0.54
 2009    0.55
 2010    0.64
 2011    0.54
 2012    0.54
 2013    0.54
 2014    0.54
 2015    0.54
 2016    0.54
 2017    0.54
 2018    0.54
 2019    0.55
 2020    0.70
 2021    0.76
 2022    0.54
 2023    0.54
 2024    0.54
 2025    0.54
 2026    0.54
 2027    0.54
 2028    0.54
 2029    0.55
 2030    0.65
 2031    0.54
 2032    0.54
 2033    0.54
 2034    0.54
 2035    0.54
 2036    0.55
 2037    0.55
 2038    0.55
 2039    0.56
 2040    0.70
 2041    0.77
 2042    0.55
 2043    0.55
 2044    0.55
 2045    0.55
 2046    0.55
 2047    0.55
 2048    0.55
 2049    0.56
 2050    0.65
 2051    0.55
 2052    0.55
 2053    0.55
 2054    0.55
 2055    0.55
 2056    0.55
 2057    0.55
 2058    0.55
 2059    0.56
 2060    0.67
 2061    0.77
 2062    0.55
 2063    0.55
 2064    0.55
 2065    0.55
 2066    0.55
 2067    0.55
 2068    0.56
 2069    0.56
 2070    0.65
 2071    0.56
 2072    0.56
 2073    0.56
 2074    0.56
 2075    0.56
 2076    0.56
 2077    0.56
 2078    0.56
 2079    0.57
 2080    0.67
 2081    0.78
 2082    0.56
 2083    0.56
 2084    0.56
 2085    0.56
 2086    0.56
 2087    0.56
 2088    0.56
 2089    0.57
 2090    0.65
 2091    0.56
 2092    0.56
 2093    0.56
 2094    0.56
 2095    0.56
 2096    0.56
 2097    0.56
 2098    0.56
 2099    0.57
 2100    0.71
 2101    0.78
 2102    0.56
 2103    0.56
 2104    0.56
 2105    0.56
 2106    0.56
 2107    0.56
 2108    0.56
 2109    0.57
 2110    0.65
 2111    0.56
 2112    0.56
 2113    0.56
 2114    0.56
 2115    0.56
 2116    0.56
 2117    0.56
 2118    0.56
 2119    0.57
 2120    0.67
 2121    0.78
 2122    0.57
 2123    0.57
 2124    0.57
 2125    0.57
 2126    0.57
 2127    0.57
 2128    0.57
 2129    0.58
 2130    0.67
 2131    0.57
 2132    0.57
 2133    0.57
 2134    0.57
 2135    0.57
 2136    0.57
 2137    0.58
 2138    0.58
 2139    0.59
 2140    0.68
 2141    0.79
 2142    0.58
 2143    0.58
 2144    0.58
 2145    0.58
 2146    0.58
 2147    0.59
 2148    0.59
 2149    0.59
 2150    0.67
 2151    0.59
 2152    0.59
 2153    0.59
 2154    0.59
 2155    0.59
 2156    0.59
 2157    0.59
 2158    0.73
 2159    3.88
 2160   39.59
 2161    0.81
 2162    0.60
 2163    0.60
 2164    0.60
 2165    0.60
 2166    0.60
 2167    0.60
 2168    0.60
 2169    0.61
 2170    0.68
 2171    0.61
 2172    0.60
 2173    0.61
 2174    0.61
 2175    0.61
 2176    0.61
 2177    0.61
 2178    0.61
 2179    0.62
 2180    0.71
 2181    0.83
 2182    0.62
 2183    0.62
 2184    0.62
 2185    0.62
 2186    0.62
 2187    0.62
 2188    0.62
 2189    0.63
 2190    0.70
 2191    0.63
 2192    0.63
 2193    0.63
 2194    0.63
 2195    0.63
 2196    0.63
 2197    0.63
 2198    0.63
 2199    0.64
 2200    0.73
 2201    0.85
 2202    0.64
 2203    0.64
 2204    0.64
 2205    0.64
 2206    0.64
 2207    0.64
 2208    0.64
 2209    0.64
 2210    0.71
 2211    0.64
 2212    0.64
 2213    0.64
 2214    0.64
 2215    0.64
 2216    0.64
 2217    0.64
 2218    0.80
 2219    4.63
 2220   47.62
 2221    0.85
 2222    0.64
 2223    0.64
 2224    0.64
 2225    0.64
 2226    0.64
 2227    0.64
 2228    0.64
 2229    0.65
 2230    0.71
 2231    0.64
 2232    0.64
 2233    0.64
 2234    0.64
 2235    0.64
 2236    0.64
 2237    0.64
 2238    0.64
 2239    0.64
 2240    0.73
 2241    0.85
 2242    0.64
 2243    0.64
 2244    0.63
 2245    0.63
 2246    0.63
 2247    0.63
 2248    0.63
 2249    0.64
 2250    0.71
 2251    0.63
 2252    0.63
 2253    0.63
 2254    0.63
 2255    0.63
 2256    0.63
 2257    0.63
 2258    0.63
 2259    0.64
 2260    0.72
 2261    0.84
 2262    0.63
 2263    0.63
 2264    0.63
 2265    0.63
 2266    0.63
 2267    0.62
 2268    0.62
 2269    0.63
 2270    0.70
 2271    0.62
 2272    0.62
 2273    0.62
 2274    0.62
 2275    0.62
 2276    0.62
 2277    0.62
 2278    0.62
 2279    0.62
 2280    0.73
 2281    0.82
 2282    0.61
 2283    0.61
 2284    0.61
 2285    0.61
 2286    0.61
 2287    0.61
 2288    0.61
 2289    0.62
 2290    0.68
 2291    0.61
 2292    0.61
 2293    0.60
 2294    0.60
 2295    0.60
 2296    0.60
 2297    0.60
 2298    0.60
 2299    0.60
 2300    0.69
 2301    0.81
 2302    0.59
 2303    0.59
 2304    0.59
 2305    0.59
 2306    0.59
 2307    0.59
 2308    0.59
 2309    0.59
 2310    0.67
 2311    0.59
 2312    0.58
 2313    0.58
 2314    0.58
 2315    0.58
 2316    0.58
 2317    0.58
 2318    0.58
 2319    0.59
 2320    0.69
 2321    0.79
 2322    0.58
 2323    0.58
 2324    0.58
 2325    0.58
 2326    0.58
 2327    0.58
 2328    0.58
 2329    0.59
 2330    0.67
 2331    0.58
 2332    0.58
 2333    0.58
 2334    0.58
 2335    0.58
 2336    0.58
 2337    0.58
 2338    0.58
 2339    0.59
 2340    0.72
 2341    0.79
 2342    0.58
 2343    0.58
 2344    0.58
 2345    0.58
 2346    0.58
 2347    0.58
 2348    0.58
 2349    0.59
 2350    0.67
 2351    0.58
 2352    0.58
 2353    0.58
 2354    0.58
 2355    0.58
 2356    0.58
 2357    0.58
 2358    0.58
 2359    0.59
 2360    0.69
 2361    0.79
 2362    0.58
 2363    0.58
 2364    0.58
 2365    0.58
 2366    0.58
 2367    0.58
 2368    0.58
 2369    0.59
 2370    0.66
 2371    0.58
 2372    0.58
 2373    0.58
 2374    0.58
 2375    0.58
 2376    0.58
 2377    0.58
 2378    0.58
 2379    0.59
 2380    0.68
 2381    0.79
 2382    0.58
 2383    0.58
 2384    0.58
 2385    0.58
 2386    0.58
 2387    0.58
 2388    0.58
 2389    0.58
 2390    0.66
 2391    0.58
 2392    0.58
 2393    0.58
 2394    0.58
 2395    0.58
 2396    0.58
 2397    0.58
 2398    0.58
 2399    0.59
 2400    0.71
 2401    0.79
 2402    0.58
 2403    0.58
 2404    0.58
 2405    0.57
 2406    0.57
 2407    0.58
 2408    0.58
 2409    0.58
 2410    0.66
 2411    0.58
 2412    0.57
 2413    0.57
 2414    0.57
 2415    0.57
 2416    0.57
 2417    0.57
 2418    0.57
 2419    0.58
 2420    0.68
 2421    0.78
 2422    0.57
 2423    0.57
 2424    0.57
 2425    0.57
 2426    0.57
 2427    0.57
 2428    0.57
 2429    0.58
 2430    0.66
 2431    0.57
 2432    0.57
 2433    0.57
 2434    0.57
 2435    0.57
 2436    0.57
 2437    0.57
 2438    0.57
 2439    0.58
 2440    0.68
 2441    0.78
 2442    0.57
 2443    0.57
 2444    0.57
 2445    0.57
 2446    0.57
 2447    0.57
 2448    0.57
 2449    0.58
 2450    0.67
 2451    0.57
 2452    0.57
 2453    0.57
 2454    0.57
 2455    0.57
 2456    0.57
 2457    0.57
 2458    0.57
 2459    0.58
 2460    0.70
 2461    0.78
 2462    0.57
 2463    0.57
 2464    0.57
 2465    0.57
 2466    0.57
 2467    0.57
 2468    0.56
 2469    0.57
 2470    0.66
 2471    0.56
 2472    0.56
 2473    0.56
 2474    0.56
 2475    0.56
 2476    0.56
 2477    0.57
 2478    0.57
 2479    0.57
 2480    0.68
 2481    0.77
 2482    0.56
 2483    0.56
 2484    0.56
 2485    0.57
 2486    0.56
 2487    0.56
 2488    0.56
 2489    0.57
 2490    0.66
 2491    0.56
 2492    0.56
 2493    0.56
 2494    0.56
 2495    0.56
 2496    0.56
 2497    0.56
 2498    0.56
 2499    0.57
 2500    0.68
 2501    0.77
 2502    0.56
 2503    0.56
 2504    0.56
 2505    0.56
 2506    0.56
 2507    0.56
 2508    0.56
 2509    0.57
 2510    0.66
 2511    0.56
 2512    0.56
 2513    0.56
 2514    0.56
 2515    0.56
 2516    0.56
 2517    0.56
 2518    0.79
 2519    3.96
 2520   33.81
 2521    0.77
 2522    0.57
 2523    0.57
 2524    0.57
 2525    0.57
 2526    0.57
 2527    0.57
 2528    0.57
 2529    0.58
 2530    0.66
 2531    0.57
 2532    0.57
 2533    0.57
 2534    0.57
 2535    0.57
 2536    0.57
 2537    0.57
 2538    0.57
 2539    0.58
 2540    0.68
 2541    0.78
 2542    0.57
 2543    0.57
 2544    0.57
 2545    0.57
 2546    0.57
 2547    0.57
 2548    0.57
 2549    0.58
 2550    0.66
 2551    0.57
 2552    0.57
 2553    0.57
 2554    0.57
 2555    0.57
 2556    0.57
 2557    0.57
 2558    0.57
 2559    0.58
 2560    0.68
 2561    0.78
 2562    0.57
 2563    0.57
 2564    0.57
 2565    0.57
 2566    0.57
 2567    0.57
 2568    0.57
 2569    0.58
 2570    0.66
 2571    0.57
 2572    0.57
 2573    0.57
 2574    0.57
 2575    0.57
 2576    0.57
 2577    0.57
 2578    0.95
 2579    6.66
 2580   55.09
 2581    0.77
 2582    0.57
 2583    0.56
 2584    0.56
 2585    0.56
 2586    0.56
 2587    0.56
 2588    0.56
 2589    0.58
 2590    0.66
 2591    0.57
 2592    0.56
 2593    0.57
 2594    0.56
 2595    0.56
 2596    0.56
 2597    0.56
 2598    0.56
 2599    0.57
 2600    0.68
 2601    0.77
 2602    0.56
 2603    0.56
 2604    0.56
 2605    0.57
 2606    0.56
 2607    0.56
 2608    0.56
 2609    0.57
 2610    0.65
 2611    0.56
 2612    0.56
 2613    0.56
 2614    0.56
 2615    0.56
 2616    0.56
 2617    0.56
 2618    0.56
 2619    0.57
 2620    0.68
 2621    0.77
 2622    0.56
 2623    0.56
 2624    0.56
 2625    0.56
 2626    0.56
 2627    0.56
 2628    0.56
 2629    0.57
 2630    0.65
 2631    0.56
 2632    0.56
 2633    0.56
 2634    0.56
 2635    0.56
 2636    0.56
 2637    0.56
 2638    0.55
 2639    0.57
 2640    0.70
 2641    0.77
 2642    0.56
 2643    0.56
 2644    0.56
 2645    0.55
 2646    0.56
 2647    0.56
 2648    0.56
 2649    0.57
 2650    0.65
 2651    0.56
 2652    0.56
 2653    0.55
 2654    0.56
 2655    0.56
 2656    0.56
 2657    0.55
 2658    0.56
 2659    0.57
 2660    0.67
 2661    0.76
 2662    0.55
 2663    0.55
 2664    0.55
 2665    0.55
 2666    0.55
 2667    0.55
 2668    0.55
 2669    0.56
 2670    0.65
 2671    0.55
 2672    0.55
 2673    0.55
 2674    0.55
 2675    0.55
 2676    0.55
 2677    0.55
 2678    0.55
 2679    0.56
 2680    0.67
 2681    0.76
 2682    0.55
 2683    0.55
 2684    0.55
 2685    0.54
 2686    0.55
 2687    0.55
 2688    0.54
 2689    0.56
 2690    0.65
 2691    0.54
 2692    0.54
 2693    0.54
 2694    0.54
 2695    0.54
 2696    0.54
 2697    0.54
 2698    0.54
 2699    0.55
 2700    0.69
 2701    0.75
 2702    0.54
 2703    0.54
 2704    0.54
 2705    0.54
 2706    0.54
 2707    0.54
 2708    0.54
 2709    0.55
 2710    0.64
 2711    0.54
 2712    0.54
 2713    0.54
 2714    0.54
 2715    0.54
 2716    0.54
 2717    0.54
 2718    0.54
 2719    0.55
 2720    0.67
 2721    0.75
 2722    0.54
 2723    0.54
 2724    0.54
 2725    0.54
 2726    0.54
 2727    0.54
 2728    0.54
 2729    0.55
 2730    0.64
 2731    0.54
 2732    0.54
 2733    0.54
 2734    0.54
 2735    0.54
 2736    0.54
 2737    0.54
 2738    0.54
 2739    0.55
 2740    0.67
 2741    0.75
 2742    0.54
 2743    0.54
 2744    0.54
 2745    0.54
 2746    0.54
 2747    0.54
 2748    0.54
 2749    0.55
 2750    0.64
 2751    0.54
 2752    0.54
 2753    0.54
 2754    0.54
 2755    0.54
 2756    0.54
 2757    0.54
 2758    0.54
 2759    0.55
 2760    0.69
 2761    0.75
 2762    0.54
 2763    0.54
 2764    0.54
 2765    0.54
 2766    0.54
 2767    0.54
 2768    0.54
 2769    0.56
 2770    0.66
 2771    0.55
 2772    0.54
 2773    0.55
 2774    0.55
 2775    0.54
 2776    0.54
 2777    0.55
 2778    0.55
 2779    0.56
 2780    0.67
 2781    0.75
 2782    0.55
 2783    0.54
 2784    0.55
 2785    0.55
 2786    0.54
 2787    0.55
 2788    0.54
 2789    0.56
 2790    0.65
 2791    0.55
 2792    0.54
 2793    0.54
 2794    0.54
 2795    0.55
 2796    0.54
 2797    0.54
 2798    0.55
 2799    0.56
 2800    0.67
 2801    0.75
 2802    0.55
 2803    0.54
 2804    0.55
 2805    0.55
 2806    0.55
 2807    0.55
 2808    0.55
 2809    0.56
 2810    0.65
 2811    0.55
 2812    0.55
 2813    0.55
 2814    0.55
 2815    0.55
 2816    0.55
 2817    0.55
 2818    0.55
 2819    0.56
 2820    0.69
 2821    0.76
 2822    0.55
 2823    0.55
 2824    0.55
 2825    0.55
 2826    0.55
 2827    0.55
 2828    0.55
 2829    0.56
 2830    0.65
 2831    0.55
 2832    0.55
 2833    0.55
 2834    0.55
 2835    0.55
 2836    0.55
 2837    0.55
 2838    0.55
 2839    0.56
 2840    0.67
 2841    0.76
 2842    0.55
 2843    0.55
 2844    0.55
 2845    0.55
 2846    0.55
 2847    0.55
 2848    0.55
 2849    0.56
 2850    0.65
 2851    0.55
 2852    0.55
 2853    0.55
 2854    0.55
 2855    0.55
 2856    0.55
 2857    0.55
 2858    0.55
 2859    0.56
 2860    0.67
 2861    0.76
 2862    0.55
 2863    0.55
 2864    0.55
 2865    0.55
 2866    0.55
 2867    0.55
 2868    0.55
 2869    0.56
 2870    0.65
 2871    0.55
 2872    0.55
 2873    0.56
 2874    0.55
 2875    0.55
 2876    0.55
 2877    0.55
 2878    0.55
 2879    0.49
 2880    0.00
