    1   16.97
    2    0.52
    3    0.52
    4    0.51
    5    0.51
    6    0.51
    7    0.52
    8    0.53
    9    0.53
   10    0.66
   11    0.52
   12    0.52
   13    0.52
   14    0.52
   15    0.52
   16    0.52
   17    0.52
   18    0.53
   19    0.53
   20    0.64
   21    0.76
   22    0.52
   23    0.52
   24    0.52
   25    0.54
   26    0.55
   27    0.56
   28    0.56
   29    0.57
   30    0.69
   31    0.57
   32    0.58
   33    0.58
   34    0.58
   35    0.57
   36    0.57
   37    0.57
   38    0.56
   39    0.56
   40    0.67
   41    0.77
   42    0.54
   43    0.54
   44    0.53
   45    0.53
   46    0.53
   47    0.53
   48    0.53
   49    0.53
   50    0.65
   51    0.53
   52    0.53
   53    0.53
   54    0.53
   55    0.53
   56    0.53
   57    0.53
   58    0.53
   59    0.54
   60    8.76
   61    0.76
   62    0.53
   63    0.53
   64    0.53
   65    0.53
   66    0.53
   67    0.53
   68    0.53
   69    0.53
   70    0.66
   71    0.53
   72    0.53
   73    0.53
   74    0.53
   75    0.53
   76    0.53
   77    0.53
   78    0.53
   79    0.53
   80    0.66
   81    0.76
   82    0.53
   83    0.53
   84    0.53
   85    0.53
   86    0.53
   87    0.53
   88    0.53
   89    0.53
   90    0.67
   91    0.53
   92    0.53
   93    0.53
   94    0.53
   95    0.53
   96    0.53
   97    0.53
   98    0.53
   99    0.53
  100    0.66
  101    0.76
  102    0.53
  103    0.53
  104    0.53
  105    0.53
  106    0.53
  107    0.53
  108    0.53
  109    0.53
  110    0.66
  111    0.53
  112    0.53
  113    0.53
  114    0.53
  115    0.53
  116    0.53
  117    0.53
  118    0.53
  119    0.53
  120    0.69
  121    0.78
  122    0.53
  123    0.53
  124    0.52
  125    0.53
  126    0.52
  127    0.52
  128    0.52
  129    0.52
  130    0.66
  131    0.52
  132    0.52
  133    0.52
  134    0.52
  135    0.52
  136    0.52
  137    0.52
  138    0.52
  139    0.52
  140    0.66
  141    0.78
  142    0.52
  143    0.52
  144    0.52
  145    0.52
  146    0.52
  147    0.52
  148    0.52
  149    0.52
  150    0.65
  151    0.52
  152    0.52
  153    0.52
  154    0.52
  155    0.52
  156    0.52
  157    0.52
  158    0.52
  159    0.52
  160    0.66
  161    0.77
  162    0.52
  163    0.52
  164    0.52
  165    0.52
  166    0.52
  167    0.52
  168    0.52
  169    0.52
  170    0.66
  171    0.52
  172    0.52
  173    0.52
  174    0.52
  175    0.52
  176    0.52
  177    0.52
  178    0.52
  179    0.52
  180    0.68
  181    0.75
  182    0.52
  183    0.51
  184    0.52
  185    0.52
  186    0.52
  187    0.52
  188    0.52
  189    0.52
  190    0.63
  191    0.51
  192    0.51
  193    0.51
  194    0.51
  195    0.51
  196    0.52
  197    0.52
  198    0.52
  199    0.52
  200    0.63
  201    0.75
  202    0.52
  203    0.52
  204    0.52
  205    0.52
  206    0.52
  207    0.52
  208    0.52
  209    0.52
  210    0.63
  211    0.52
  212    0.52
  213    0.52
  214    0.52
  215    0.52
  216    0.52
  217    0.52
  218    0.51
  219    0.52
  220    0.63
  221    0.75
  222    0.52
  223    0.52
  224    0.52
  225    0.52
  226    0.52
  227    0.52
  228    0.52
  229    0.52
  230    0.62
  231    0.52
  232    0.52
  233    0.52
  234    0.52
  235    0.52
  236    0.52
  237    0.52
  238    0.52
  239    0.52
  240    0.65
  241    0.76
  242    0.53
  243    0.53
  244    0.52
  245    0.52
  246    0.52
  247    0.52
  248    0.53
  249    0.52
  250    0.63
  251    0.53
  252    0.53
  253    0.53
  254    0.53
  255    0.53
  256    0.53
  257    0.53
  258    0.53
  259    0.53
  260    0.64
  261    0.76
  262    0.53
  263    0.53
  264    0.53
  265    0.53
  266    0.53
  267    0.53
  268    0.53
  269    0.53
  270    0.63
  271    0.53
  272    0.53
  273    0.53
  274    0.53
  275    0.53
  276    0.53
  277    0.53
  278    0.53
  279    0.53
  280    0.64
  281    0.76
  282    0.53
  283    0.53
  284    0.53
  285    0.53
  286    0.53
  287    0.53
  288    0.53
  289    0.53
  290    0.64
  291    0.53
  292    0.53
  293    0.53
  294    0.53
  295    0.53
  296    0.53
  297    0.53
  298    0.53
  299    0.53
  300    0.66
  301    0.76
  302    0.53
  303    0.53
  304    0.53
  305    0.53
  306    0.53
  307    0.53
  308    0.53
  309    0.53
  310    0.64
  311    0.53
  312    0.53
  313    0.53
  314    0.53
  315    0.53
  316    0.53
  317    0.53
  318    0.53
  319    0.54
  320    0.65
  321    0.76
  322    0.54
  323    0.54
  324    0.54
  325    0.54
  326    0.54
  327    0.53
  328    0.54
  329    0.54
  330    0.65
  331    0.54
  332    0.54
  333    0.54
  334    0.55
  335    0.54
  336    0.54
  337    0.54
  338    0.54
  339    0.54
  340    0.66
  341    0.77
  342    0.54
  343    0.54
  344    0.54
  345    0.54
  346    0.55
  347    0.55
  348    0.54
  349    0.55
  350    0.66
  351    0.55
  352    0.55
  353    0.55
  354    0.54
  355    0.55
  356    0.55
  357    0.55
  358    0.55
  359    1.02
  360   33.44
